œ„≈©±‡¬Î
P[1]=0.10964912280701754,k=4,P=0.0,string=0000
P[2]=0.11403508771929824,k=4,P=0.7543859649122806,string=0001
P[3]=0.043859649122807015,k=5,P=0.15789473684210442,string=00111
P[4]=0.08187134502923976,k=4,P=0.280701754385964,string=0100
P[5]=0.11842105263157894,k=4,P=0.5906432748538002,string=0101
P[6]=0.08187134502923976,k=4,P=0.485380116959063,string=0111
P[7]=0.011695906432748537,k=7,P=0.36257309941518656,string=1000110
P[8]=0.01608187134502924,k=6,P=0.9298245614034997,string=100011
P[9]=0.11403508771929824,k=4,P=0.23976608187134296,string=1001
P[10]=0.03216374269005848,k=5,P=0.12865497076023047,string=10110
P[11]=0.01023391812865497,k=7,P=0.6315789473684106,string=1011100
P[12]=0.033625730994152045,k=5,P=0.48538011695906036,string=10111
P[13]=0.03216374269005848,k=5,P=0.5614035087719245,string=11000
P[14]=0.08771929824561403,k=4,P=0.7953216374268983,string=1100
P[15]=0.10526315789473684,k=4,P=0.1988304093567237,string=1110
P[16]=0.007309941520467836,k=8,P=0.12865497076020915,string=11111110
